NAME: RESEARCH30_030
COMMENT: 30 nodes randomly generated by FileGenerator.py [symmetric] ~ Mateusz Pelechaty 2022
TYPE: TSP
DIMENSION: 30
EDGE_WEIGHT_TYPE: EUC_2D
NODE_COORD_SECTION:
0 53.29435008811666 41.13748344955518
1 3.5515349997482404 40.55617093773641
2 84.33197009666222 96.48479511638027
3 0.8755618873150572 52.36715129597857
4 97.80499547376358 6.393785340279101
5 47.861115594405625 70.22058065755253
6 94.10250915380634 68.90789221858613
7 11.770080022915364 62.48931588954385
8 9.655017484367779 81.1981794908629
9 14.197100896747338 69.57079228455514
10 1.2402889512361792 80.40725395221884
11 45.11956964477641 45.898805210447094
12 81.27120991409834 74.3731926376044
13 52.37453064818342 79.35521196919713
14 60.78524612806275 45.57378295919887
15 39.13182739340713 46.5898728812933
16 60.95766081071413 64.36605241628214
17 58.24337794699191 61.56285424839165
18 28.589701922804466 68.81248769007713
19 93.8615710028387 5.41483011453302
20 49.17048957103373 44.88097610996349
21 99.48036711867398 85.31346545831641
22 46.93962763881181 72.89770540610422
23 75.6398800162208 77.77757680383279
24 18.87749098636592 86.69448913739342
25 11.176106472247305 73.19897531630664
26 18.40604310878019 89.3646805409648
27 50.05473575706316 68.18875057049962
28 49.19907717822824 97.79036692392367
29 79.23844654219693 23.347271177296424
EDGE_WEIGHT_SECTION:
0.0 49.746211686439096 63.45595925159071 53.60815979290366 56.46522922078087 29.586256611363915 49.36093039570569 46.6922451055111 59.23892907045728 48.34302375357292 65.20536907474693 9.460297046475922 43.44326243452726 38.22879596590943 8.705990858055443 15.175822863801885 24.460023456102174 21.0163900091782 37.097513402986614 54.05374523599666 5.56955679232077 63.911388309012096 32.3897236193358 42.916420502856205 57.096067795177355 52.93284146923808 59.5235793881558 27.244561913575655 56.800708324516876 31.45771437200494
49.746211686439096 0.0 98.2521740062922 12.110329851876351 100.25359545191449 53.32275439715731 94.88571557318775 23.422368150441606 41.097753681587804 30.905927023252662 39.91804949798941 41.909965941553864 84.75811952516173 62.362252116549584 57.45323419893154 36.08826354872097 62.14799865359173 58.58735724266908 37.75353280522815 96.90622496894633 45.823497858137486 105.85629997549971 54.11563022477503 81.13052780465968 48.61717117641198 33.52143743691268 51.01888886333897 54.09350365650329 73.20827341989022 77.61864988389918
63.45595925159071 98.2521740062922 0.0 94.39988648017018 91.09287818095098 44.94365571762121 29.2566062095648 80.13064644027769 76.22550668077702 75.12165750381615 84.63282345200622 64.00433363423313 22.322437525381844 36.258799689171305 56.09259637886348 67.32426134195607 39.72369528669589 43.59078565865879 62.23308653330724 91.56719837839685 62.44424592227192 18.82212896209225 44.2101580576882 20.62795304822609 66.18261801079191 76.77245460707566 66.30930463199412 44.44766507831711 35.15714269622605 73.31467377094408
53.60815979290366 12.110329851876351 94.39988648017018 0.0 107.27938046375176 50.26317933766828 94.6829435901629 14.871070622727556 30.13813244636826 21.758415954376314 28.042474619827132 44.71433465371604 83.35302080414223 58.14206052707645 60.293615907368284 38.690034845595555 61.268525681102645 58.10014864220174 32.22611746738629 104.16774143446649 48.871697933377796 103.96329752175856 50.432150515588894 78.96450461929355 38.761263841184096 23.239322510781044 40.94062703586442 51.66153449244844 66.32066531673152 83.5637190025492
56.46522922078087 100.25359545191449 91.09287818095098 107.27938046375176 0.0 81.04474651621075 62.623653388650716 102.7069385398966 115.6119198169759 104.79319749887664 121.6664953130172 65.8513529832461 69.9611740998437 85.94938574530515 53.90300599258891 71.12148835753254 68.69141010127971 67.8877584364268 93.20327925764268 4.063120708507777 62.020795042830144 78.93746119607538 83.72608332596602 74.74582280608277 112.59553274850681 109.39605942340958 114.84059860110479 78.09420612834543 103.51748846706076 25.14234319339003
29.586256611363915 53.32275439715731 44.94365571762121 50.26317933766828 81.04474651621075 0.0 46.26002193312474 36.90982665274422 39.75190069592817 33.67028527491022 47.720748000264265 24.475801010249885 33.66717375586542 10.188837256887851 27.829800337670044 25.19148313424698 14.34555671734791 13.51841699807386 19.322787343109425 79.47217878746822 25.373411651547098 53.780501108996845 2.8312783281783567 28.788329989035475 33.338268641636716 36.80571598320204 35.129728941161986 2.990033933030045 27.602232807748937 56.406063849900825
49.36093039570569 94.88571557318775 29.2566062095648 94.6829435901629 62.623653388650716 46.26002193312474 0.0 82.58224390681647 85.33715492383715 79.90815793912867 93.57150881134473 54.117893971341836 13.946746891266526 43.01593518845353 40.67579956750208 59.32849096633811 33.45458534306433 36.603645633886394 65.51287669848173 63.493519248359014 50.952714171842224 17.26453560378746 47.33134270299868 20.482675101504313 77.29920043728697 83.03735096843845 78.41195801771822 44.053643503356774 53.39021959394653 47.924008043879795
46.6922451055111 23.422368150441606 80.13064644027769 14.871070622727556 102.7069385398966 36.90982665274422 82.58224390681647 0.0 18.828039377341657 7.485835842116641 20.782901732700168 37.24826845145746 70.50981196056462 43.96794128850583 51.85192149412377 31.64581342198712 49.223370910036465 46.48253167709891 17.968922685411286 99.98254756600647 41.33816957921741 90.63132055728914 36.677399742010756 65.67406088379349 25.227082720001324 10.726118105640191 27.68250767585565 38.706568181184664 51.4499177082365 78.00051374853687
59.23892907045728 41.097753681587804 76.22550668077702 30.13813244636826 115.6119198169759 39.75190069592817 85.33715492383715 18.828039377341657 0.0 12.483054713107 8.451817526069672 50.03778856551541 71.9406662721395 42.75924852285565 62.31691511461204 45.46006168930723 53.993348795246476 52.405865795953844 22.62581791156351 113.28662629875596 53.66946800222346 89.91956970270306 38.19738242865106 66.07346370586349 10.736081092540346 8.14254131922501 11.969636121471614 42.4426963958128 42.88395202037027 90.4907795974298
48.34302375357292 30.905927023252662 75.12165750381615 21.758415954376314 104.79319749887664 33.67028527491022 79.90815793912867 7.485835842116641 12.483054713107 0.0 16.89105909249285 38.943061583670755 67.24581139091455 39.41130562403442 52.40526436013249 33.90963347018726 47.04932816272799 44.76831014878645 14.412563621828946 102.2859485914152 42.8103368136462 86.72408694322401 32.91111375163628 61.98843777730053 17.751818084323176 4.721241301262817 20.2364326612045 35.884258625128744 44.96090230896443 79.79342420854012
65.20536907474693 39.91804949798941 84.63282345200622 28.042474619827132 121.6664953130172 47.720748000264265 93.57150881134473 20.782901732700168 8.451817526069672 16.89105909249285 0.0 55.823152085366694 80.25807252926285 51.1450629704946 68.98530732418081 50.787635778905 61.834332280050596 60.03718477123699 29.70570643097193 119.17451708286305 59.66087955083435 98.36251252223508 46.312232464524946 74.44604994586135 18.72432166733102 12.275168051956756 19.362298595208486 50.32039389599405 51.011939629742805 96.64136910174022
9.460297046475922 41.909965941553864 64.00433363423313 44.71433465371604 65.8513529832461 24.475801010249885 54.117893971341836 37.24826845145746 50.03778856551541 38.943061583670755 55.823152085366694 0.0 46.018820427237294 34.23398329683374 15.669047805875032 6.027489676019504 24.328673435721416 20.435184770792564 28.25373199567085 63.361936018053754 4.17683233165276 67.14619679812907 27.06017780571123 44.133268896293536 48.50705638751448 43.55982070617035 51.018573267364914 22.82975095593447 52.05167200752573 40.89828172417135
43.44326243452726 84.75811952516173 22.322437525381844 83.35302080414223 69.9611740998437 33.66717375586542 13.946746891266526 70.50981196056462 71.9406662721395 67.24581139091455 80.25807252926285 46.018820427237294 0.0 29.323004437088645 35.34233594525693 50.47415592069433 22.644715334594228 26.351201391045272 52.974170345086236 70.0983092107663 43.59182357113428 21.24295119545679 34.36327405959869 6.580403328823844 63.59866751016555 70.10493786347315 64.62796536343285 31.823192524921506 39.711279880949725 51.06639587634575
38.22879596590943 62.362252116549584 36.258799689171305 58.14206052707645 85.94938574530515 10.188837256887851 43.01593518845353 43.96794128850583 42.75924852285565 39.41130562403442 51.1450629704946 34.23398329683374 29.323004437088645 0.0 34.8127143561233 35.34029760824576 17.27266706359174 18.735297218935116 26.01666990068403 84.78416471371489 34.62280776167833 47.48116062424339 8.440234696598466 23.318778139770345 34.291641189318746 41.655844779655474 35.412534600107314 11.404880907114688 18.706641680019132 62.11730361911797
8.705990858055443 57.45323419893154 56.09259637886348 60.293615907368284 53.90300599258891 27.829800337670044 40.67579956750208 51.85192149412377 62.31691511461204 52.40526436013249 68.98530732418081 15.669047805875032 35.34233594525693 34.8127143561233 0.0 21.677245711300987 18.793060372659333 16.18985776777638 39.70630257580884 52.02676965564764 11.635400775624198 55.466699501671364 30.631648490317748 35.46469351254702 58.71262570869935 56.782197827817534 60.939638656348144 25.03159229618267 53.486549261279364 28.888378831551798
15.175822863801885 36.08826354872097 67.32426134195607 38.690034845595555 71.12148835753254 25.19148313424698 59.32849096633811 31.64581342198712 45.46006168930723 33.90963347018726 50.787635778905 6.027489676019504 50.47415592069433 35.34029760824576 21.677245711300987 0.0 28.148882095390416 24.278417073229903 24.596361893123703 68.48889678187739 10.18307745681885 71.70399479138796 27.44200788618866 48.015734736335304 44.929037251410634 38.594904645805336 47.53148750601837 24.203748564098937 52.18084043439132 46.35471317478635
24.460023456102174 62.14799865359173 39.72369528669589 61.268525681102645 68.69141010127971 14.34555671734791 33.45458534306433 49.223370910036465 53.993348795246476 47.04932816272799 61.834332280050596 24.328673435721416 22.644715334594228 17.27266706359174 18.793060372659333 28.148882095390416 0.0 3.9019548219784275 32.67193825308591 67.51232418456384 22.772913834127802 43.84966378939429 16.410190637140506 19.885586418217958 47.637168039826385 50.559110744864796 49.351510383854645 11.553648597035815 35.43231701918322 44.90798972668619
21.0163900091782 58.58735724266908 43.59078565865879 58.10014864220174 67.8877584364268 13.51841699807386 36.603645633886394 46.48253167709891 52.405865795953844 44.76831014878645 60.03718477123699 20.435184770792564 26.351201391045272 18.735297218935116 16.18985776777638 24.278417073229903 3.9019548219784275 0.0 30.526999308583772 66.49252808173219 18.98953295128568 47.58761192569373 16.007923719120473 23.781411055583234 46.704091131194005 48.484300114413145 48.57936590996438 10.53358262824216 37.339416854735326 43.60302391785625
37.097513402986614 37.75353280522815 62.23308653330724 32.22611746738629 93.20327925764268 19.322787343109425 65.51287669848173 17.968922685411286 22.62581791156351 14.412563621828946 29.70570643097193 28.25373199567085 52.974170345086236 26.01666990068403 39.70630257580884 24.596361893123703 32.67193825308591 30.526999308583772 0.0 90.99274630027975 31.56399953634868 72.78577250548896 18.799169597892593 47.89668131968826 20.349275589949098 17.957577236663347 22.936859807317397 21.474094288239712 35.55930023651011 68.06159889449016
54.05374523599666 96.90622496894633 91.56719837839685 104.16774143446649 4.063120708507777 79.47217878746822 63.493519248359014 99.98254756600647 113.28662629875596 102.2859485914152 119.17451708286305 63.361936018053754 70.0983092107663 84.78416471371489 52.02676965564764 68.48889678187739 67.51232418456384 66.49252808173219 90.99274630027975 0.0 59.62272586251702 80.09595994549413 82.19250103674118 74.62169343315358 110.5847875016688 106.91855023977278 112.87654351720428 76.54804963983436 102.60593625836886 23.13888959005818
5.56955679232077 45.823497858137486 62.44424592227192 48.871697933377796 62.020795042830144 25.373411651547098 50.952714171842224 41.33816957921741 53.66946800222346 42.8103368136462 59.66087955083435 4.17683233165276 43.59182357113428 34.62280776167833 11.635400775624198 10.18307745681885 22.772913834127802 18.98953295128568 31.56399953634868 59.62272586251702 0.0 64.54355098507696 28.105406337818124 42.223393607710435 51.63366764956503 47.38651945551391 54.085590743131846 23.324541616519024 52.909398537080904 36.98354342875884
63.911388309012096 105.85629997549971 18.82212896209225 103.96329752175856 78.93746119607538 53.780501108996845 17.26453560378746 90.63132055728914 89.91956970270306 86.72408694322401 98.36251252223508 67.14619679812907 21.24295119545679 47.48116062424339 55.466699501671364 71.70399479138796 43.84966378939429 47.58761192569373 72.78577250548896 80.09595994549413 64.54355098507696 0.0 53.987780124439794 25.00316866109197 80.61470627126523 89.13138235051059 81.17547879321143 52.308210593394044 51.806188706154046 65.18853106411834
32.3897236193358 54.11563022477503 44.2101580576882 50.432150515588894 83.72608332596602 2.8312783281783567 47.33134270299868 36.677399742010756 38.19738242865106 32.91111375163628 46.312232464524946 27.06017780571123 34.36327405959869 8.440234696598466 30.631648490317748 27.44200788618866 16.410190637140506 16.007923719120473 18.799169597892593 82.19250103674118 28.105406337818124 53.987780124439794 0.0 29.11215607586185 31.27034945165329 35.76479008452448 32.94429717302489 5.646074231903036 24.994993691975566 59.14777455506737
42.916420502856205 81.13052780465968 20.62795304822609 78.96450461929355 74.74582280608277 28.788329989035475 20.482675101504313 65.67406088379349 66.07346370586349 61.98843777730053 74.44604994586135 44.133268896293536 6.580403328823844 23.318778139770345 35.46469351254702 48.015734736335304 19.885586418217958 23.781411055583234 47.89668131968826 74.62169343315358 42.223393607710435 25.00316866109197 29.11215607586185 0.0 57.458507933473136 64.62616877945246 58.394974613938906 27.32297925364226 33.16063665113206 54.54913245542987
57.096067795177355 48.61717117641198 66.18261801079191 38.761263841184096 112.59553274850681 33.338268641636716 77.29920043728697 25.227082720001324 10.736081092540346 17.751818084323176 18.72432166733102 48.50705638751448 63.59866751016555 34.291641189318746 58.71262570869935 44.929037251410634 47.637168039826385 46.704091131194005 20.349275589949098 110.5847875016688 51.63366764956503 80.61470627126523 31.27034945165329 57.458507933473136 0.0 15.53834665366461 2.7114913300592693 36.25579886581165 32.288033279283994 87.50037130719527
52.93284146923808 33.52143743691268 76.77245460707566 23.239322510781044 109.39605942340958 36.80571598320204 83.03735096843845 10.726118105640191 8.14254131922501 4.721241301262817 12.275168051956756 43.55982070617035 70.10493786347315 41.655844779655474 56.782197827817534 38.594904645805336 50.559110744864796 48.484300114413145 17.957577236663347 106.91855023977278 47.38651945551391 89.13138235051059 35.76479008452448 64.62616877945246 15.53834665366461 0.0 17.70881162525652 39.200129681796184 45.28225748024342 84.36631164962041
59.5235793881558 51.01888886333897 66.30930463199412 40.94062703586442 114.84059860110479 35.129728941161986 78.41195801771822 27.68250767585565 11.969636121471614 20.2364326612045 19.362298595208486 51.018573267364914 64.62796536343285 35.412534600107314 60.939638656348144 47.53148750601837 49.351510383854645 48.57936590996438 22.936859807317397 112.87654351720428 54.085590743131846 81.17547879321143 32.94429717302489 58.394974613938906 2.7114913300592693 17.70881162525652 0.0 38.079650161989754 31.924961052852776 89.77126292180667
27.244561913575655 54.09350365650329 44.44766507831711 51.66153449244844 78.09420612834543 2.990033933030045 44.053643503356774 38.706568181184664 42.4426963958128 35.884258625128744 50.32039389599405 22.82975095593447 31.823192524921506 11.404880907114688 25.03159229618267 24.203748564098937 11.553648597035815 10.53358262824216 21.474094288239712 76.54804963983436 23.324541616519024 52.308210593394044 5.646074231903036 27.32297925364226 36.25579886581165 39.200129681796184 38.079650161989754 0.0 29.613980521686642 53.501843420216844
56.800708324516876 73.20827341989022 35.15714269622605 66.32066531673152 103.51748846706076 27.602232807748937 53.39021959394653 51.4499177082365 42.88395202037027 44.96090230896443 51.011939629742805 52.05167200752573 39.711279880949725 18.706641680019132 53.486549261279364 52.18084043439132 35.43231701918322 37.339416854735326 35.55930023651011 102.60593625836886 52.909398537080904 51.806188706154046 24.994993691975566 33.16063665113206 32.288033279283994 45.28225748024342 31.924961052852776 29.613980521686642 0.0 80.27538985346912
31.45771437200494 77.61864988389918 73.31467377094408 83.5637190025492 25.14234319339003 56.406063849900825 47.924008043879795 78.00051374853687 90.4907795974298 79.79342420854012 96.64136910174022 40.89828172417135 51.06639587634575 62.11730361911797 28.888378831551798 46.35471317478635 44.90798972668619 43.60302391785625 68.06159889449016 23.13888959005818 36.98354342875884 65.18853106411834 59.14777455506737 54.54913245542987 87.50037130719527 84.36631164962041 89.77126292180667 53.501843420216844 80.27538985346912 0.0
EOF
