NAME: Rysowanie50
COMMENT: 50 nodes randomly generated by FileGenerator.py [symmetric] ~ Mateusz Pelechaty 2022
TYPE: TSP
DIMENSION: 50
EDGE_WEIGHT_TYPE: EUC_2D
NODE_COORD_SECTION:
0 30.553297614310683 10.858109340001532
1 92.92872420627062 53.563909862686884
2 67.89314898631578 76.59629973389566
3 69.36794000716246 72.57937017906526
4 84.04173280072766 88.02934706976771
5 61.529269039517786 83.91254405718874
6 89.35937728182728 95.02083098557637
7 59.93044005214917 20.316478157021557
8 77.9945807400696 75.77257281368959
9 67.12388655532106 51.70279967044247
10 4.157254239018037 76.76269880636085
11 69.88497548721996 57.01250506659598
12 66.59423076458917 73.71344791792346
13 62.817557247211575 9.266660543836103
14 86.77352070069635 76.16700922177907
15 30.502491202418604 77.54356377985806
16 87.87230907040644 27.958900522013906
17 70.38067144922306 12.362595145677824
18 66.2179878494971 42.12386786991025
19 0.8559155333266899 67.16664777820353
20 12.659600881316525 77.90531240879187
21 13.884938208520591 73.45224520598974
22 89.5732332779454 20.141519704134993
23 78.56035333190633 9.570092510316586
24 30.128404480998462 50.967394979098216
25 15.841967412184122 62.14534737654144
26 97.90151843983026 67.14178638246295
27 1.3041901523200727 11.339837022645959
28 6.751793708612819 39.97506164140784
29 29.688518369702543 45.3196997269482
30 36.69906413043685 56.54560386208192
31 76.84396807228997 27.96364757293025
32 49.478720896346374 3.884614864816205
33 73.60386486462409 26.38767693282641
34 3.530747698544856 39.925664679605774
35 35.61309540455467 53.709382699489105
36 28.950049008916068 69.51449871018974
37 11.399146397553361 88.80319776429522
38 34.307656596133015 17.8860472757168
39 92.9976395492609 21.72545826183493
40 28.419068215621735 38.577863337706944
41 31.939630539750297 67.22739177873814
42 71.8633929949583 47.92890318463
43 22.055012688354424 46.800490966336106
44 90.44671675036838 35.862874434878044
45 66.29780533939959 62.63188826891318
46 59.51050511586175 35.222980933133854
47 44.75936407735732 68.37427473147298
48 12.194916101643482 23.896362174002906
49 73.79119765475303 36.300034890447996
EDGE_WEIGHT_SECTION:
0.0 75.59417464866175 75.60273921457677 72.91152517708507 93.89575406500347 79.35024409277526 102.67189839801746 30.862229966284485 80.40250563692153 54.824234638360124 70.99412664861573 60.63999611795322 72.45510644590927 32.30348524432084 86.17404416441771 66.68547379408554 59.81560108662981 39.855779808270526 47.42908164852406 63.65992462696151 69.39388893930051 64.77545870227692 59.74558154147035 48.02433118769989 40.111536104385024 53.35544978474745 87.77035461807732 29.253074178337236 37.60729316894957 34.47243906571741 46.09899783917068 49.350031506448126 20.16931509991499 45.7659131908659 39.68804577414981 43.14896501896293 58.6782959878508 80.26405371214045 7.96788070898754 63.38292445349816 27.801793050440708 56.38632743527651 55.50466409797602 36.93339469444703 64.90346626535009 62.91417977760464 37.84398015586774 59.244591362347975 22.517242476111182 50.167794207257565
75.59417464866175 0.0 34.01868618529201 30.27702566502703 35.59276581157224 43.66881475653545 41.61029375595074 46.843126199465196 26.76290999013962 25.871864589540888 91.75269853579216 23.3003683212771 33.15885143772911 53.562381135016345 23.42619539814409 66.87345040476471 26.099498795228744 46.96768056381566 29.05749468755961 93.07221161938064 83.8786983522528 81.50745970514461 33.59040760813329 46.280730837109715 62.85397399637595 77.56293665685196 14.459855230105532 100.88571538034819 87.24173396935151 63.775313680245546 56.30865982555296 30.23396780434159 65.99950862785181 33.346631386580206 90.43229475884 57.3158134137721 65.93703181513915 88.81936427086224 68.62462711393806 31.838526185492505 66.22746640541766 62.500882268443604 21.805996407044425 71.1956938268904 17.874199736707038 28.132438075461103 38.1204281347086 50.39478309086681 86.01227329244993 25.773752182542935
75.60273921457677 34.01868618529201 0.0 4.279104065530532 19.786139860907085 9.696721042464603 28.2889078806372 56.84032943513822 10.134961742148713 24.905383154990492 63.736111960880805 19.684826297954977 3.161965075643253 67.52067790659146 18.885251558212705 37.40265496840142 52.58101786540156 64.28185259565801 34.51310944339012 67.69718609392895 55.249057462098904 54.099647968292714 60.47452557152334 67.8697407047408 45.640077634491085 54.01995489907174 31.462518334854252 93.23355278106855 71.26977202588048 49.37427982812962 37.082358810352716 49.4494895678337 75.00720151012817 50.53234686240897 74.07600269191751 39.570352924647736 39.581775371869206 57.79775677328375 67.63785214503875 60.34106968124629 54.80515084097775 37.15416430172718 28.941016955197178 54.67106144372415 46.56044840289192 14.055244889901067 42.21398141431735 24.5514500458612 76.6783969921893 40.72561771696693
72.91152517708507 30.27702566502703 4.279104065530532 0.0 21.30779155313205 13.779898137895497 30.05456250616588 53.10815651016966 9.198666936052435 20.99683243006479 65.34473029063342 15.575449114470237 2.9965972836052246 63.6506615492463 17.771476955501594 39.181198665945864 48.30525837675006 60.22529053807322 30.617965632917663 68.72550517305974 56.95789135006961 55.48986753814361 56.19592546252345 63.67628707038751 44.79752917687623 54.53346288364567 29.04707241217739 91.55847566183448 70.59619474518533 48.14089877267921 36.39144285895428 45.237746399419166 71.51608521530385 46.385510500076315 73.49013793651042 38.67125497867326 40.533928379406476 60.196292361479586 64.96601452353106 56.07569043476209 53.225112197936944 37.80902038384416 24.776456741391442 53.880086348662175 42.33693291586953 10.410481412067476 38.63507266888174 24.9652726205092 75.09187659741904 36.54798732079345
93.89575406500347 35.59276581157224 19.786139860907085 21.30779155313205 0.0 22.885783614378752 8.78397348427125 71.87758381027008 13.66735392126729 40.07282829472661 80.67507222288414 34.09484221232402 22.569011848701564 81.5722159605134 12.172827294849753 54.55641155835907 60.1924568613408 76.89006401344281 49.24427788743645 85.76206863279161 72.09649669142638 71.65520027325367 68.11280791419048 78.65049362150226 65.4235069625742 72.94648339139674 25.067585632200675 112.81303964863571 91.01070834189294 69.12586994123839 56.85555701241908 60.49542191877268 90.96668483431397 62.51915373965822 93.78690197259678 59.356489741452855 58.119645841962274 72.64670814455437 85.98581767897848 66.90600822604154 74.42667572080234 56.10125135808768 41.90891981678679 74.44576580227492 52.5582028475275 30.981895928008917 58.226226361348225 43.92523603968934 96.30682645291661 52.73514207171889
79.35024409277526 43.66881475653545 9.696721042464603 13.779898137895497 22.885783614378752 0.0 29.96512912139793 63.616160306240246 18.367515380184695 32.692007870543314 57.81581418072004 28.167888240611553 11.387510673295283 74.6569997521672 26.405786332155714 31.67372495816897 61.844692439452025 72.09537095998853 42.050892280239076 62.94188484525835 49.237498900433714 48.779095034552505 69.6649659243725 76.2683285130432 45.51260421905216 50.607710690377495 40.05245110380767 94.30725281382531 70.22160753404152 50.03239986963966 36.9525167136083 58.007060124356116 80.93012517826897 58.77845014982291 72.79199155894366 39.797977484751634 35.61894562752524 50.368121761499395 71.41788614381949 69.69570992720546 56.13838859938964 33.96970728608075 37.43816940465558 54.18045218614944 56.08020624893408 21.80837566675603 48.73139609113185 22.861923061684326 77.69054297425389 49.166105423534376
102.67189839801746 41.61029375595074 28.2889078806372 30.05456250616588 8.78397348427125 29.96512912139793 0.0 80.29198389628655 22.35294260465842 48.691568930025916 87.13645139478488 42.70696856979246 31.18102739075511 89.76773339514018 19.030324468048747 61.39696985963206 67.07841597239089 84.80905156435138 57.73744549007086 92.7831787751325 78.5862371922756 78.49582693342155 74.87961666815656 86.13041056582865 73.81743264913369 80.53326627219977 29.158348779477134 121.475202123876 99.2675656319677 77.65831476215591 65.21849188234106 68.21511060549145 99.48003137588319 70.41836413008436 101.9903476140113 67.7886316068211 65.57331719935159 78.20777814516708 94.76532492648624 73.38561585923233 83.06340870674094 63.79265301638169 50.237029472052896 82.79540255897224 59.167948505708374 39.760278051832806 66.8336594873762 51.953826981676634 104.94305185650252 60.74948650767752
30.862229966284485 46.843126199465196 56.84032943513822 53.10815651016966 71.87758381027008 63.616160306240246 80.29198389628655 0.0 58.324022609575785 32.20010637774081 79.35253040287972 38.022245681657076 53.81117436282054 11.420766829888809 61.96638442671843 64.3501631884941 28.968166387232397 13.132843987900383 22.695715529450453 75.39720048289911 74.50507409829615 70.31072450141455 29.64330954342898 21.507172600762253 42.75090672977585 60.773742026541726 60.286086988052325 59.30950398859002 56.695928703421885 39.2394561114458 43.03773201005114 18.56196730316313 19.474202539911637 14.960681825295897 59.71135146401153 41.30882865069213 58.13974419914141 83.93877069837237 25.737793734170285 33.097203922953156 36.420389121167425 54.62709249066395 30.080581474442848 46.216349190238184 34.24811791544795 42.79178979242235 14.912416650729632 50.39556883124013 47.869570881765185 21.156433706293754
80.40250563692153 26.76290999013962 10.134961742148713 9.198666936052435 13.66735392126729 18.367515380184695 22.35294260465842 58.324022609575785 0.0 26.410716976744613 73.84396477914939 20.437853097441238 11.584816567378198 68.21567568343961 8.78779647649602 47.52509839710496 48.82332203961232 63.86545922912471 35.6500138079048 77.61723787661072 65.36978026063868 64.15161873039565 56.82322821409342 66.20489783198947 53.911665500800176 63.62899195021484 21.69738793043066 100.16483140314276 79.73077517583246 57.10388026191364 45.55212428770517 47.822769076955076 77.3371370085928 49.57969672217234 82.64298672004489 47.780484062636084 49.44218425811122 67.85830134826347 72.52170144181979 56.09084029512619 61.97723658783473 46.84099227038198 28.510724325734312 62.99695865978152 41.80717301979043 17.59238883946818 44.56377961260766 34.048706893665695 83.78983886404416 39.69571361575039
54.824234638360124 25.871864589540888 24.905383154990492 20.99683243006479 40.07282829472661 32.692007870543314 48.691568930025916 32.20010637774081 26.410716976744613 0.0 67.77016548569804 5.984695772033555 22.01702004202644 42.65407807094855 31.378426841044906 44.82043827710799 31.532043759249866 39.47478106203327 9.621672770597684 68.04832534068558 60.43947458228719 57.51020780850149 38.73096385818775 43.65727642642016 37.002790624108016 52.33432939856389 34.43290483116843 77.21011066104384 61.50064580123713 37.97566004800254 30.807832965405044 25.652043330022256 50.96989963927422 26.131313746338954 64.67447887884069 31.574615348404098 42.12479668439782 66.94539718586395 47.12194490108081 39.599142565460006 40.86963318219881 38.45705177855141 6.058482976537157 45.33471100897088 28.193219748288445 10.960264037354248 18.153457041490793 27.894622176647385 61.56614135500441 16.783867258902127
70.99412664861573 91.75269853579216 63.736111960880805 65.34473029063342 80.67507222288414 57.81581418072004 87.13645139478488 79.35253040287972 73.84396477914939 67.77016548569804 0.0 68.63092228172067 62.51139071109646 89.42452868284676 82.61841398954724 26.356806725484827 96.9021214029992 92.37377516645942 71.07308396935406 10.148055606109722 8.578779882376326 10.27555051813415 102.47852164285361 100.2530173884126 36.60462189986819 18.713617628935474 94.23666497929558 65.4850427094147 36.87901684209487 40.50318060620328 38.31057711644699 87.54830534717934 85.82103739155191 85.793208100313 36.842361402344636 38.99904264151648 25.830584142376996 14.05057355384022 66.14761415014766 104.50699454499885 45.24065955756493 29.37315973855248 73.59014197020129 34.900768704423 95.49171154668804 63.72697935336628 69.20643426461223 41.459582508567614 53.47385863338922 80.53640944813655
60.63999611795322 23.3003683212771 19.684826297954977 15.575449114470237 34.09484221232402 28.167888240611553 42.70696856979246 38.022245681657076 20.437853097441238 5.984695772033555 68.63092228172067 0.0 17.02205901037912 48.266075765186905 25.536600965253044 44.412885971641614 34.170983399161756 44.65266140369297 15.333568270619402 69.77189786959993 60.920053327488915 58.36325240308762 41.798290113745956 48.22908551805945 40.21353371867112 54.28621180352481 29.791425259484136 82.39731017093017 65.39168999159709 41.86259501645009 33.189195671408534 29.87078337583999 56.9121071804578 30.849801238003028 68.51892920822583 34.430689533796325 42.80149589498718 66.56756226951111 52.88312886677132 42.182590155728406 45.37904231613179 39.29622263938813 9.29655629709095 48.90798067110078 29.497323262132817 6.666727626347004 24.13323429316754 27.57510033775288 66.51933457269385 21.077594559625307
72.45510644590927 33.15885143772911 3.161965075643253 2.9965972836052246 22.569011848701564 11.387510673295283 31.18102739075511 53.81117436282054 11.584816567378198 22.01702004202644 62.51139071109646 17.02205901037912 0.0 64.55735175561098 20.3279045992757 36.294399735212465 50.46023408381124 61.46758714102914 31.59182056072412 66.06350491394075 54.09728300529899 52.70993975160613 58.29224690344452 65.24996653058626 42.97835979700546 52.05394495643342 31.9895763791419 90.2953860353187 68.69786009288694 46.564326943558406 34.47398813031976 46.88391351501722 71.89580379694382 47.84206903500544 71.54451196689233 36.87808798541697 37.87763976943758 57.22060720326443 64.49125160826604 58.30858482189435 51.8830640906417 35.256350363928284 26.317424222616467 52.0389200379907 44.739322756354 11.085523545925636 39.1368779768343 22.47817104579683 73.76332061272262 38.099341290665194
32.30348524432084 53.562381135016345 67.52067790659146 63.6506615492463 81.5722159605134 74.6569997521672 89.76773339514018 11.420766829888809 68.21567568343961 42.65407807094855 89.42452868284676 48.266075765186905 64.55735175561098 0.0 71.06014943845139 75.53806331234894 31.259245421533695 8.172240053470569 33.032695947342546 84.80361764464857 85.012264507197 80.71053515129333 28.88128739543862 15.745720038237776 52.986148765626226 70.73090951981361 67.67875976849803 61.54829316937368 63.924766242321255 48.962790476917476 54.0136479418018 23.373436302777368 14.383705047247723 20.23545488022263 66.74503967379914 52.10794849879571 69.11447111850131 94.70962848267185 29.784362722208623 32.650559081530034 45.1929491943138 65.6726177568391 39.70637417834616 55.41095076875871 38.35008537394581 53.47859064085845 26.166145339949093 61.80459849812393 52.69421188651244 29.17574527510961
86.17404416441771 23.42619539814409 18.885251558212705 17.771476955501594 12.172827294849753 26.405786332155714 19.030324468048747 61.96638442671843 8.78779647649602 31.378426841044906 82.61841398954724 25.536600965253044 20.3279045992757 71.06014943845139 0.0 56.28786426262248 48.220629198402044 65.87661771961365 39.767642674667705 86.3877386196156 74.13430251215318 72.9391211996699 56.09539968844907 67.10145627109168 61.99749792953748 72.30416483732624 14.32783936891681 107.2733364808034 87.82558773191266 64.88647003959647 53.7815093605261 49.21544564107899 81.33662536903066 51.491958187415605 90.78983594716006 55.87248075302148 58.20489476493298 76.42623608730393 78.41771114739875 54.79618715171021 69.41315446748467 55.55782816319063 31.93278160083603 71.06952704071438 40.4711706050123 24.54494690899847 49.190298548395845 42.73073914182704 91.07243714063581 41.92751309109856
66.68547379408554 66.87345040476471 37.40265496840142 39.181198665945864 54.55641155835907 31.67372495816897 61.39696985963206 64.3501631884941 47.52509839710496 44.82043827710799 26.356806725484827 44.412885971641614 36.294399735212465 75.53806331234894 56.28786426262248 0.0 75.8283247381867 76.41222370724864 50.30061191576748 31.410186796779584 17.846557009166048 17.113794295184476 82.36714899415098 83.24632669906842 26.57880149671207 21.261138873715122 68.19696360963819 72.35657690048491 44.446462000580105 32.23414286548994 21.893191561779705 67.86531197575685 76.06403912931164 66.89284842698333 46.28802523715521 24.375940250228467 8.177772475260907 22.17469594373425 59.77874671750328 83.79322449049798 39.02135905231094 10.41579445993424 50.86995497602359 31.8825409787722 73.01088987826546 38.77708834748767 51.30786103209681 16.95093760902322 56.6850028332873 59.79080850405005
59.81560108662981 26.099498795228744 52.58101786540156 48.30525837675006 60.1924568613408 61.844692439452025 67.07841597239089 28.968166387232397 48.82332203961232 31.532043759249866 96.9021214029992 34.170983399161756 50.46023408381124 31.259245421533695 48.220629198402044 75.8283247381867 0.0 23.435061938529792 25.87577878065304 95.44160617416902 90.28618683664112 86.85491038271394 8.000286620586365 20.612151264893456 62.159064780708626 79.73131924117193 40.44605771801148 88.14892219767617 82.00564700439982 60.718620285192294 58.616555729070086 11.02834201977927 45.31709217043477 14.354694131911812 85.1862806973454 58.25901428401974 72.1020143375414 97.72498716344623 54.50352619061564 8.06999472914695 60.39412404711334 68.34090234400736 25.594655697149665 68.46109868760836 8.312663743823867 40.837180247121076 29.27727425453476 59.09423405429915 75.78635777221145 16.366191409497727
39.855779808270526 46.96768056381566 64.28185259565801 60.22529053807322 76.89006401344281 72.09537095998853 84.80905156435138 13.132843987900383 63.86545922912471 39.47478106203327 92.37377516645942 44.65266140369297 61.46758714102914 8.172240053470569 65.87661771961365 76.41222370724864 23.435061938529792 0.0 30.05097816906412 88.52782540034299 87.33595922492495 83.20885300793408 20.709082472082102 8.643220850492968 55.77253415669473 73.84302714352442 61.30380748074862 69.08405244728783 69.36196644060301 52.36432053056665 55.557078134210336 16.88688959150343 22.555879201609063 14.390687785137008 72.30930166723806 54.02167328991025 70.58920991793674 96.55043255272405 36.493436725308385 24.47836701600056 49.477433566366344 66.99148853243094 35.59720116390925 59.34086250827866 30.901606765636462 50.43482553534316 25.31319328860473 61.59350324072664 59.31787173552389 24.179179277492228
47.42908164852406 29.05749468755961 34.51310944339012 30.617965632917663 49.24427788743645 42.050892280239076 57.73744549007086 22.695715529450453 35.6500138079048 9.621672770597684 71.07308396935406 15.333568270619402 31.59182056072412 33.032695947342546 39.767642674667705 50.30061191576748 25.87577878065304 30.05097816906412 0.0 69.995295006161 64.41127686921318 60.993567785764846 32.073214991709484 34.81497200723066 37.15731421191199 54.20888374367276 40.37006759183472 71.84328560607 59.505004947558746 36.66899891916469 32.853513153993106 17.703764982460353 41.742586509659866 17.383293257922695 62.72576962468475 32.724357830718176 46.25090186422054 72.00045289803508 40.071700586021215 33.66370240629335 37.964884744070744 42.48755926734043 8.097470855862541 44.40989955707769 25.02461474119894 20.508175723784273 9.623542234343214 33.90510867984089 57.01521064565205 9.553561499623934
63.65992462696151 93.07221161938064 67.69718609392895 68.72550517305974 85.76206863279161 62.94188484525835 92.7831787751325 75.39720048289911 77.61723787661072 68.04832534068558 10.148055606109722 69.77189786959993 66.06350491394075 84.80361764464857 86.3877386196156 31.410186796779584 95.44160617416902 88.52782540034299 69.995295006161 0.0 15.957628452956254 14.465965812724344 100.40978606780409 96.72302121170578 33.455857490742744 15.804910902613093 97.04560609103211 55.82861049023943 27.823438610146564 36.174689016969275 37.38365786306503 85.50473293191962 79.80471722286303 83.39777332229637 27.37199092667857 37.27143056014462 28.192068738265025 24.068652067721334 59.56170385422783 102.73752483533518 39.71203824500435 31.083774359529844 73.56733427623763 29.396973712848038 94.9022543896707 65.59881847409515 66.78891173394304 43.920054154299585 44.73131509532646 79.19787351497898
69.39388893930051 83.8786983522528 55.249057462098904 56.95789135006961 72.09649669142638 49.237498900433714 78.5862371922756 74.50507409829615 65.36978026063868 60.43947458228719 8.578779882376326 60.920053327488915 54.09728300529899 85.012264507197 74.13430251215318 17.846557009166048 90.28618683664112 87.33595922492495 64.41127686921318 15.957628452956254 0.0 4.618577603344086 96.1892020762743 94.93477472521275 32.10623762843061 16.078058171139407 85.9187872445364 67.52708986923548 38.38757753318756 36.766916986298845 32.15793747282623 81.32529052074297 82.67231255733626 79.80144157533455 39.061356889714816 33.351250731057206 18.32442235713477 10.970535571581408 63.804000684488116 98.03252760683813 42.367547263203846 22.039453999857006 66.36018467883984 32.492825054015896 88.42172801984641 55.77037262242159 63.378140141475235 33.48485443373418 54.01094923632033 73.9464079009146
64.77545870227692 81.50745970514461 54.099647968292714 55.48986753814361 71.65520027325367 48.779095034552505 78.49582693342155 70.31072450141455 64.15161873039565 57.51020780850149 10.27555051813415 58.36325240308762 52.70993975160613 80.71053515129333 72.9391211996699 17.113794295184476 86.85491038271394 83.20885300793408 60.993567785764846 14.465965812724344 4.618577603344086 0.0 92.57835310724869 90.9056585390347 27.738397327006297 11.475012062284495 84.25323521579168 63.373704893969276 34.228695123730276 32.267526416526636 28.395754314907443 77.67272337191086 78.14456191773255 76.03567444099066 35.08904192064782 29.358021648029286 15.57123665266756 15.55091332928125 59.200420427273926 94.52237830797084 37.78178722292171 19.097662562893156 63.3477877069303 27.875905744153453 85.29165685141221 53.518116232962804 59.52452437827722 31.28923068517918 49.58469237377292 70.49146510159623
59.74558154147035 33.59040760813329 60.47452557152334 56.19592546252345 68.11280791419048 69.6649659243725 74.87961666815656 29.64330954342898 56.82322821409342 38.73096385818775 102.47852164285361 41.798290113745956 58.29224690344452 28.88128739543862 56.09539968844907 82.36714899415098 8.000286620586365 20.709082472082102 32.073214991709484 100.40978606780409 96.1892020762743 92.57835310724869 0.0 15.265601777200695 66.96209567483623 84.85647356154269 47.73243552943446 88.70678436477746 85.16313896348683 64.9624493757949 64.19450993985566 14.940544738117604 43.264961320598275 17.147454844551092 88.28772121360817 63.54917706304465 78.18479089214864 104.04621037606401 55.311582167287895 3.772985510917504 63.87276940171827 74.42252020463957 32.95113235597526 72.59070780990865 15.745601542858026 48.44767245692129 33.63358585326777 65.83829835479206 77.46936692015693 22.58694891830282
48.02433118769989 46.280730837109715 67.8697407047408 63.67628707038751 78.65049362150226 76.2683285130432 86.13041056582865 21.507172600762253 66.20489783198947 43.65727642642016 100.2530173884126 48.22908551805945 65.24996653058626 15.745720038237776 67.10145627109168 83.24632669906842 20.612151264893456 8.643220850492968 34.81497200723066 96.72302121170578 94.93477472521275 90.9056585390347 15.265601777200695 0.0 63.71334492230611 81.83980300943855 60.73368590033137 77.27643072030293 77.98032689745992 60.55155380926507 62.921110927644136 18.47346329741202 29.632178475004118 17.532767144251558 80.93764564912098 61.585257179640415 77.81075844428646 103.86776538015553 45.027283640571795 18.872947567219096 57.92753439847878 74.14752829724927 38.93902456536984 67.66798423507102 28.854739933818475 54.46029978246127 31.952580513752707 67.82653405036338 67.89413274533092 27.152065584740857
40.111536104385024 62.85397399637595 45.640077634491085 44.79752917687623 65.4235069625742 45.51260421905216 73.81743264913369 42.75090672977585 53.911665500800176 37.002790624108016 36.60462189986819 40.21353371867112 42.97835979700546 52.986148765626226 61.99749792953748 26.57880149671207 62.159064780708626 55.77253415669473 37.15731421191199 33.455857490742744 32.10623762843061 27.738397327006297 66.96209567483623 63.71334492230611 0.0 18.13970517733679 69.67643728654645 49.001823244217874 25.83209870317384 5.664800212899734 8.619163681643139 52.07222173461375 50.904056112100854 49.942749171450515 28.798526947118834 6.131910891860242 18.584498336798216 42.217686823849256 33.34429057745682 69.33708662068857 12.506891090961318 16.360563430401847 41.84545015465135 9.085303742258985 62.180747308921845 38.003762473784704 33.33458281376855 22.739051022941123 32.472308550317244 46.060514105947604
53.35544978474745 77.56293665685196 54.01995489907174 54.53346288364567 72.94648339139674 50.607710690377495 80.53326627219977 60.773742026541726 63.62899195021484 52.33432939856389 18.713617628935474 54.28621180352481 52.05394495643342 70.73090951981361 72.30416483732624 21.261138873715122 79.73131924117193 73.84302714352442 54.20888374367276 15.804910902613093 16.078058171139407 11.475012062284495 84.85647356154269 81.83980300943855 18.13970517733679 0.0 82.21152180563716 52.844553645358765 23.96148633825889 21.790580355911054 21.595731312976653 69.92590854611578 67.27365114037663 67.93414305684234 25.402370558473518 21.495650772264906 15.03749296009123 27.025536920918135 47.956931954130084 87.10203889099988 26.71347541112069 16.880815545301786 57.79712285043295 16.554955447042488 79.09890648891788 50.45818370668315 51.300633525236634 29.580658645202348 38.4224654633943 63.451504814386254
87.77035461807732 14.459855230105532 31.462518334854252 29.04707241217739 25.067585632200675 40.05245110380767 29.158348779477134 60.286086988052325 21.69738793043066 34.43290483116843 94.23666497929558 29.791425259484136 31.9895763791419 67.67875976849803 14.32783936891681 68.19696360963819 40.44605771801148 61.30380748074862 40.37006759183472 97.04560609103211 85.9187872445364 84.25323521579168 47.73243552943446 60.73368590033137 69.67643728654645 82.21152180563716 0.0 111.5567182407254 95.11205629010955 71.61855098065053 62.11295756521835 44.478612703865984 79.66327303312491 47.447585884781155 98.21690104482518 63.72030377300331 68.99228145577186 89.17329820071397 80.43821914455276 45.68031182176759 75.12462039083032 65.96194344943595 32.359215958617725 78.52681538121101 32.15500584440895 31.92387606054335 49.92674679320944 53.156444555814176 95.99889790682883 39.14742907847887
29.253074178337236 100.88571538034819 93.23355278106855 91.55847566183448 112.81303964863571 94.30725281382531 121.475202123876 59.30950398859002 100.16483140314276 77.21011066104384 65.4850427094147 82.39731017093017 90.2953860353187 61.54829316937368 107.2733364808034 72.35657690048491 88.14892219767617 69.08405244728783 71.84328560607 55.82861049023943 67.52708986923548 63.373704893969276 88.70678436477746 77.27643072030293 49.001823244217874 52.844553645358765 111.5567182407254 0.0 29.148798834145463 44.27528834186543 57.41392217457553 77.34732784919021 48.7479820077686 73.84903824334744 28.672410106931352 54.51861499037653 64.4095084159086 78.11837427253631 33.646421295366565 92.27973662095725 38.433405911103854 63.733421250918205 79.48182728394342 41.085941805392984 92.45414762035007 82.79519633490747 62.915655163751495 71.70271421374024 16.621499197723587 76.66405764279374
37.60729316894957 87.24173396935151 71.26977202588048 70.59619474518533 91.01070834189294 70.22160753404152 99.2675656319677 56.695928703421885 79.73077517583246 61.50064580123713 36.87901684209487 65.39168999159709 68.69786009288694 63.924766242321255 87.82558773191266 44.446462000580105 82.00564700439982 69.36196644060301 59.505004947558746 27.823438610146564 38.38757753318756 34.228695123730276 85.16313896348683 77.98032689745992 25.83209870317384 23.96148633825889 95.11205629010955 29.148798834145463 0.0 23.551188811693773 34.22604089293704 71.1139014184466 55.92951506530231 68.21888624909809 3.2214247560373064 31.96257671888533 36.95051935653906 49.0487998247727 35.316428685861176 88.1555100279078 21.712276427448668 37.10952198757142 65.59560928080714 16.75634198181436 83.79588430577563 63.7107470836956 52.972293705401576 47.445660596834266 16.975045153066297 67.14005885515763
34.47243906571741 63.775313680245546 49.37427982812962 48.14089877267921 69.12586994123839 50.03239986963966 77.65831476215591 39.2394561114458 57.10388026191364 37.97566004800254 40.50318060620328 41.86259501645009 46.564326943558406 48.962790476917476 64.88647003959647 32.23414286548994 60.718620285192294 52.36432053056665 36.66899891916469 36.174689016969275 36.766916986298845 32.267526416526636 64.9624493757949 60.55155380926507 5.664800212899734 21.790580355911054 71.61855098065053 44.27528834186543 23.551188811693773 0.0 13.235130355027188 50.248074421078506 45.918605962917255 47.822370757273895 26.708136973155497 10.270705595120523 24.206066075186325 47.1732522590885 27.819808136826286 67.562808221995 6.860310604702485 22.023044227313285 42.255508425998386 7.775805532664894 61.489756993088555 40.4963179133878 31.48483164778651 27.54348959342652 27.658371467251595 45.01556035286932
46.09899783917068 56.30865982555296 37.082358810352716 36.39144285895428 56.85555701241908 36.9525167136083 65.21849188234106 43.03773201005114 45.55212428770517 30.807832965405044 38.31057711644699 33.189195671408534 34.47398813031976 54.0136479418018 53.7815093605261 21.893191561779705 58.616555729070086 55.557078134210336 32.853513153993106 37.38365786306503 32.15793747282623 28.395754314907443 64.19450993985566 62.921110927644136 8.619163681643139 21.595731312976653 62.11295756521835 57.41392217457553 34.22604089293704 13.235130355027188 0.0 49.28023475812174 54.189476738796785 47.65988747259462 37.09932065894634 3.0370180369456983 15.107596398330061 40.99558758757802 38.73344995542602 66.19646617313812 19.78378204238567 11.694135333601126 36.204662062461196 17.59020943562605 57.58980342657681 30.218013485932296 31.225247611534236 14.313835606527928 40.821884491331545 42.25765531085328
49.350031506448126 30.23396780434159 49.4494895678337 45.237746399419166 60.49542191877268 58.007060124356116 68.21511060549145 18.56196730316313 47.822769076955076 25.652043330022256 87.54830534717934 29.87078337583999 46.88391351501722 23.373436302777368 49.21544564107899 67.86531197575685 11.02834201977927 16.88688959150343 17.703764982460353 85.50473293191962 81.32529052074297 77.67272337191086 14.940544738117604 18.47346329741202 52.07222173461375 69.92590854611578 44.478612703865984 77.34732784919021 71.1139014184466 50.248074421078506 49.28023475812174 0.0 36.450741681876856 3.603047634266864 74.28269068113859 48.60892652743865 63.40584131986349 89.35589265138417 43.713794410312154 17.31635377517357 49.57451464643483 59.64931800360641 20.57711252196104 57.93665766240384 15.72998908504013 36.23683845678611 18.792202076830545 51.59884301860265 64.77686879758605 8.87776777854993
20.16931509991499 65.99950862785181 75.00720151012817 71.51608521530385 90.96668483431397 80.93012517826897 99.48003137588319 19.474202539911637 77.3371370085928 50.96989963927422 85.82103739155191 56.9121071804578 71.89580379694382 14.383705047247723 81.33662536903066 76.06403912931164 45.31709217043477 22.555879201609063 41.742586509659866 79.80471722286303 82.67231255733626 78.14456191773255 43.264961320598275 29.632178475004118 50.904056112100854 67.27365114037663 79.66327303312491 48.7479820077686 55.92951506530231 45.918605962917255 54.189476738796785 36.450741681876856 0.0 32.99106506202621 58.39669093996705 51.71811152833869 68.76560203342216 93.06567420732962 20.64464341077912 47.033944910414846 40.58485506484516 65.72615215957589 49.406202834879565 50.92967890570381 51.97100893214809 61.10747690682601 32.904861076424574 64.66211068703234 42.314916168370836 40.51982208211426
45.7659131908659 33.346631386580206 50.53234686240897 46.385510500076315 62.51915373965822 58.77845014982291 70.41836413008436 14.960681825295897 49.57969672217234 26.131313746338954 85.793208100313 30.849801238003028 47.84206903500544 20.23545488022263 51.491958187415605 66.89284842698333 14.354694131911812 14.390687785137008 17.383293257922695 83.39777332229637 79.80144157533455 76.03567444099066 17.147454844551092 17.532767144251558 49.942749171450515 67.93414305684234 47.447585884781155 73.84903824334744 68.21888624909809 47.822370757273895 47.65988747259462 3.603047634266864 32.99106506202621 0.0 71.3688928147482 46.79502292090722 62.0796748307523 88.11994235263121 40.205344061545745 19.946297387099218 46.800283041851664 58.342015139806186 21.61142454259992 55.44336874196545 19.325139775639546 36.97325196897136 16.633862623752886 50.939960938068516 61.45946336734408 9.914127992631602
39.68804577414981 90.43229475884 74.07600269191751 73.49013793651042 93.78690197259678 72.79199155894366 101.9903476140113 59.71135146401153 82.64298672004489 64.67447887884069 36.842361402344636 68.51892920822583 71.54451196689233 66.74503967379914 90.78983594716006 46.28802523715521 85.1862806973454 72.30930166723806 62.72576962468475 27.37199092667857 39.061356889714816 35.08904192064782 88.28772121360817 80.93764564912098 28.798526947118834 25.402370558473518 98.21690104482518 28.672410106931352 3.2214247560373064 26.708136973155497 37.09932065894634 74.28269068113859 58.39669093996705 71.3688928147482 0.0 34.91801707973936 39.00820398835203 49.50681709150236 37.85449585716665 91.29935515148607 24.924788196050418 39.401128497554936 68.79972557920385 19.758836754358864 87.0108725435517 66.74785475637401 56.176938995649955 50.0911391604791 18.221041488712412 70.35393392992934
43.14896501896293 57.3158134137721 39.570352924647736 38.67125497867326 59.356489741452855 39.797977484751634 67.7886316068211 41.30882865069213 47.780484062636084 31.574615348404098 38.99904264151648 34.430689533796325 36.87808798541697 52.10794849879571 55.87248075302148 24.375940250228467 58.25901428401974 54.02167328991025 32.724357830718176 37.27143056014462 33.351250731057206 29.358021648029286 63.54917706304465 61.585257179640415 6.131910891860242 21.495650772264906 63.72030377300331 54.51861499037653 31.96257671888533 10.270705595120523 3.0370180369456983 48.60892652743865 51.71811152833869 46.79502292090722 34.91801707973936 0.0 17.152197508836533 42.63673512731096 35.84711329196025 65.69594606312712 16.754608482178707 14.008244486002216 36.70828270042783 15.21691137911231 57.664754288342436 31.955633766551617 30.213130277698408 17.283324013187837 37.910780982675085 41.960134444050176
58.6782959878508 65.93703181513915 39.581775371869206 40.533928379406476 58.119645841962274 35.61894562752524 65.57331719935159 58.13974419914141 49.44218425811122 42.12479668439782 25.830584142376996 42.80149589498718 37.87763976943758 69.11447111850131 58.20489476493298 8.177772475260907 72.1020143375414 70.58920991793674 46.25090186422054 28.192068738265025 18.32442235713477 15.57123665266756 78.18479089214864 77.81075844428646 18.584498336798216 15.03749296009123 68.99228145577186 64.4095084159086 36.95051935653906 24.206066075186325 15.107596398330061 63.40584131986349 68.76560203342216 62.0796748307523 39.00820398835203 17.152197508836533 0.0 26.078498685188684 51.90569291108959 79.91174032016923 30.941191780097956 3.76410093453923 48.03637190980863 23.73747403684114 70.10186844634977 37.9766405755899 45.93309992716248 15.850380236918113 48.59782772691135 55.80259150533225
80.26405371214045 88.81936427086224 57.79775677328375 60.196292361479586 72.64670814455437 50.368121761499395 78.20777814516708 83.93877069837237 67.85830134826347 66.94539718586395 14.05057355384022 66.56756226951111 57.22060720326443 94.70962848267185 76.42623608730393 22.17469594373425 97.72498716344623 96.55043255272405 72.00045289803508 24.068652067721334 10.970535571581408 15.55091332928125 104.04621037606401 103.86776538015553 42.217686823849256 27.025536920918135 89.17329820071397 78.11837427253631 49.0487998247727 47.1732522590885 40.99558758757802 89.35589265138417 93.06567420732962 88.11994235263121 49.50681709150236 42.63673512731096 26.078498685188684 0.0 74.52544580838216 105.63019086127404 53.0307642501576 29.789711188970006 72.98378637736634 43.333299721608455 95.13777489991277 60.8177621613639 72.01071082412682 39.118346334231454 64.91171354822784 81.54354770206385
7.96788070898754 68.62462711393806 67.63785214503875 64.96601452353106 85.98581767897848 71.41788614381949 94.76532492648624 25.737793734170285 72.52170144181979 47.12194490108081 66.14761415014766 52.88312886677132 64.49125160826604 29.784362722208623 78.41771114739875 59.77874671750328 54.50352619061564 36.493436725308385 40.071700586021215 59.56170385422783 63.804000684488116 59.200420427273926 55.311582167287895 45.027283640571795 33.34429057745682 47.956931954130084 80.43821914455276 33.646421295366565 35.316428685861176 27.819808136826286 38.73344995542602 43.713794410312154 20.64464341077912 40.205344061545745 37.85449585716665 35.84711329196025 51.90569291108959 74.52544580838216 0.0 58.81543314266049 21.513408029838644 49.39813584306134 48.093726489239444 31.403380975124612 58.947098229779 55.00508978998883 30.59007751134464 51.558697626077134 22.914998960357757 43.56632821805398
63.38292445349816 31.838526185492505 60.34106968124629 56.07569043476209 66.90600822604154 69.69570992720546 73.38561585923233 33.097203922953156 56.09084029512619 39.599142565460006 104.50699454499885 42.182590155728406 58.30858482189435 32.650559081530034 54.79618715171021 83.79322449049798 8.06999472914695 24.47836701600056 33.66370240629335 102.73752483533518 98.03252760683813 94.52237830797084 3.772985510917504 18.872947567219096 69.33708662068857 87.10203889099988 45.68031182176759 92.27973662095725 88.1555100279078 67.562808221995 66.19646617313812 17.31635377517357 47.033944910414846 19.946297387099218 91.29935515148607 65.69594606312712 79.91174032016923 105.63019086127404 58.81543314266049 0.0 66.74125734757473 76.14792458092444 33.66417833900013 75.24369456012651 14.365714154741164 48.848921817764534 36.10500368124583 67.10471889905529 80.83188071762284 24.11028191768858
27.801793050440708 66.22746640541766 54.80515084097775 53.225112197936944 74.42667572080234 56.13838859938964 83.06340870674094 36.420389121167425 61.97723658783473 40.86963318219881 45.24065955756493 45.37904231613179 51.8830640906417 45.1929491943138 69.41315446748467 39.02135905231094 60.39412404711334 49.477433566366344 37.964884744070744 39.71203824500435 42.367547263203846 37.78178722292171 63.87276940171827 57.92753439847878 12.506891090961318 26.71347541112069 75.12462039083032 38.433405911103854 21.712276427448668 6.860310604702485 19.78378204238567 49.57451464643483 40.58485506484516 46.800283041851664 24.924788196050418 16.754608482178707 30.941191780097956 53.0307642501576 21.513408029838644 66.74125734757473 0.0 28.865027957227564 44.43929906908096 10.397730900212665 62.08703848221899 44.87086851714994 31.271915267059043 33.98281037223972 21.88080410399371 45.4292706553432
56.38632743527651 62.500882268443604 37.15416430172718 37.80902038384416 56.10125135808768 33.96970728608075 63.79265301638169 54.62709249066395 46.84099227038198 38.45705177855141 29.37315973855248 39.29622263938813 35.256350363928284 65.6726177568391 55.55782816319063 10.41579445993424 68.34090234400736 66.99148853243094 42.48755926734043 31.083774359529844 22.039453999857006 19.097662562893156 74.42252020463957 74.14752829724927 16.360563430401847 16.880815545301786 65.96194344943595 63.733421250918205 37.10952198757142 22.023044227313285 11.694135333601126 59.64931800360641 65.72615215957589 58.342015139806186 39.401128497554936 14.008244486002216 3.76410093453923 29.789711188970006 49.39813584306134 76.14792458092444 28.865027957227564 0.0 44.34341518869288 22.692817076507815 66.38382397143145 34.66414326176358 42.24257850162442 12.870932696682088 47.617558472152105 52.038976489524146
